vesselCount = 7
UT = 190120.82343596392
gameMode = CAREER
gameNull = False
gameCompatible = True
funds = 9401695.4657498524
science = 1422
reputationPercent = -62
ongoingContracts = 7
missionCurrentScore = 0
missionIsStarted = False
missionIsEnded = False
missionHistoryId = 00000000-0000-0000-0000-000000000000
saveMD5 = 893d1c8a127d773536ce02b0807c5a2c
