vesselCount = 10
UT = 230117.88692145262
gameMode = CAREER
gameNull = False
gameCompatible = True
funds = 7977820.1523610279
science = 1624
reputationPercent = -62
ongoingContracts = 7
missionCurrentScore = 0
missionIsStarted = False
missionIsEnded = False
missionHistoryId = 00000000-0000-0000-0000-000000000000
saveMD5 = 979510e7d7178721976e85ba9a67c978
