vesselCount = 10
UT = 252588.62113869024
gameMode = CAREER
gameNull = False
gameCompatible = True
funds = 7977820.1523610279
science = 1683
reputationPercent = -62
ongoingContracts = 7
missionCurrentScore = 0
missionIsStarted = False
missionIsEnded = False
missionHistoryId = 00000000-0000-0000-0000-000000000000
saveMD5 = 78a4ff6e92d7efaf30220fe5e5fcb52d
