vesselCount = 10
UT = 202986.54256751988
gameMode = CAREER
gameNull = False
gameCompatible = True
funds = 8337513.6522732899
science = 1478
reputationPercent = -63
ongoingContracts = 7
missionCurrentScore = 0
missionIsStarted = False
missionIsEnded = False
missionHistoryId = 00000000-0000-0000-0000-000000000000
saveMD5 = 8a32d43055bfe26d668e164841ebd2ca
