vesselCount = 10
UT = 206560.88282495184
gameMode = CAREER
gameNull = False
gameCompatible = True
funds = 8274237.6464139149
science = 1498
reputationPercent = -63
ongoingContracts = 7
missionCurrentScore = 0
missionIsStarted = False
missionIsEnded = False
missionHistoryId = 00000000-0000-0000-0000-000000000000
saveMD5 = 2a27163e7a055d46707cf9a0aad90b2a
