vesselCount = 7
UT = 190554.52343573672
gameMode = CAREER
gameNull = False
gameCompatible = True
funds = 9401695.4657498524
science = 1422
reputationPercent = -62
ongoingContracts = 7
missionCurrentScore = 0
missionIsStarted = False
missionIsEnded = False
missionHistoryId = 00000000-0000-0000-0000-000000000000
saveMD5 = 9b477aa88314ef395b8f3572633ed7f1
