vesselCount = 10
UT = 206463.03319851638
gameMode = CAREER
gameNull = False
gameCompatible = True
funds = 8274237.6464139149
science = 1498
reputationPercent = -63
ongoingContracts = 7
missionCurrentScore = 0
missionIsStarted = False
missionIsEnded = False
missionHistoryId = 00000000-0000-0000-0000-000000000000
saveMD5 = 1d176b42944b17ae737fcb7f132d2122
